%YAML:1.0
calibration_time: "Wed Jan 25 14:51:31 2017"
nrOfFrames: 50
image_width: 320
image_height: 240
board_width: 9
board_height: 6
square_size: 13.
FixAspectRatio: 1.
# flags:  +fix_aspectRatio +fix_principal_point +zero_tangent_dist
flagvalue: 14
camera_matrix: !!opencv-matrix
   rows: 3
   cols: 3
   dt: d
   data: [ 3.7820457576267899e+02, 0., 1.5950000000000000e+02, 0.,
       3.7820457576267899e+02, 1.1950000000000000e+02, 0., 0., 1. ]
distortion_coefficients: !!opencv-matrix
   rows: 5
   cols: 1
   dt: d
   data: [ -4.9941652701370348e-01, 3.6288593682983245e-01, 0., 0.,
       -2.4088229473159711e-01 ]
avg_reprojection_error: 1.9049525958632635e-01
