%YAML:1.0
calibration_time: "Wed Jan 25 14:26:06 2017"
nrOfFrames: 25
image_width: 320
image_height: 240
board_width: 9
board_height: 6
square_size: 13.
FixAspectRatio: 1.
# flags:  +fix_aspectRatio +fix_principal_point +zero_tangent_dist
flagvalue: 14
camera_matrix: !!opencv-matrix
   rows: 3
   cols: 3
   dt: d
   data: [ 3.5876196593797999e+02, 0., 1.5950000000000000e+02, 0.,
       3.5876196593797999e+02, 1.1950000000000000e+02, 0., 0., 1. ]
distortion_coefficients: !!opencv-matrix
   rows: 5
   cols: 1
   dt: d
   data: [ -4.5613794435608163e-01, 4.4536632410450738e-01, 0., 0.,
       -6.5589147542010262e-01 ]
avg_reprojection_error: 1.4807750387743024e-01
